19
67 BREW 0 -2 -1 -1 15 3 4 0 0
59 BREW -2 0 0 -3 15 1 4 0 0
46 BREW -2 -3 0 0 8 0 0 0 0
44 BREW 0 -4 0 0 8 0 0 0 0
77 BREW -1 -1 -1 -3 20 0 0 0 0
39 LEARN 0 0 -2 2 0 0 0 0 1
5 LEARN 2 3 -2 0 0 1 0 0 1
30 LEARN -4 0 1 1 0 2 0 0 1
29 LEARN -5 0 0 2 0 3 0 0 1
19 LEARN 0 2 -1 0 0 4 0 0 1
36 LEARN 0 -3 3 0 0 5 0 0 1
78 CAST 2 0 0 0 0 -1 -1 1 0
79 CAST -1 1 0 0 0 -1 -1 1 0
80 CAST 0 -1 1 0 0 -1 -1 1 0
81 CAST 0 0 -1 1 0 -1 -1 1 0
82 OPPONENT_CAST 2 0 0 0 0 -1 -1 1 0
83 OPPONENT_CAST -1 1 0 0 0 -1 -1 1 0
84 OPPONENT_CAST 0 -1 1 0 0 -1 -1 1 0
85 OPPONENT_CAST 0 0 -1 1 0 -1 -1 1 0
3 0 0 0 0
3 0 0 0 0
19
67 BREW 0 -2 -1 -1 15 3 4 0 0
59 BREW -2 0 0 -3 15 1 4 0 0
46 BREW -2 -3 0 0 8 0 0 0 0
44 BREW 0 -4 0 0 8 0 0 0 0
77 BREW -1 -1 -1 -3 20 0 0 0 0
39 LEARN 0 0 -2 2 0 0 0 0 1
5 LEARN 2 3 -2 0 0 1 0 0 1
30 LEARN -4 0 1 1 0 2 0 0 1
29 LEARN -5 0 0 2 0 3 0 0 1
19 LEARN 0 2 -1 0 0 4 0 0 1
36 LEARN 0 -3 3 0 0 5 0 0 1
78 CAST 2 0 0 0 0 -1 -1 1 0
79 CAST -1 1 0 0 0 -1 -1 0 0
80 CAST 0 -1 1 0 0 -1 -1 1 0
81 CAST 0 0 -1 1 0 -1 -1 1 0
82 OPPONENT_CAST 2 0 0 0 0 -1 -1 1 0
83 OPPONENT_CAST -1 1 0 0 0 -1 -1 0 0
84 OPPONENT_CAST 0 -1 1 0 0 -1 -1 1 0
85 OPPONENT_CAST 0 0 -1 1 0 -1 -1 1 0
2 1 0 0 0
2 1 0 0 0
19
67 BREW 0 -2 -1 -1 15 3 4 0 0
59 BREW -2 0 0 -3 15 1 4 0 0
46 BREW -2 -3 0 0 8 0 0 0 0
44 BREW 0 -4 0 0 8 0 0 0 0
77 BREW -1 -1 -1 -3 20 0 0 0 0
39 LEARN 0 0 -2 2 0 0 0 0 1
5 LEARN 2 3 -2 0 0 1 0 0 1
30 LEARN -4 0 1 1 0 2 0 0 1
29 LEARN -5 0 0 2 0 3 0 0 1
19 LEARN 0 2 -1 0 0 4 0 0 1
36 LEARN 0 -3 3 0 0 5 0 0 1
78 CAST 2 0 0 0 0 -1 -1 1 0
79 CAST -1 1 0 0 0 -1 -1 0 0
80 CAST 0 -1 1 0 0 -1 -1 0 0
81 CAST 0 0 -1 1 0 -1 -1 1 0
82 OPPONENT_CAST 2 0 0 0 0 -1 -1 0 0
83 OPPONENT_CAST -1 1 0 0 0 -1 -1 0 0
84 OPPONENT_CAST 0 -1 1 0 0 -1 -1 1 0
85 OPPONENT_CAST 0 0 -1 1 0 -1 -1 1 0
2 0 1 0 0
4 1 0 0 0
