14
4 0 0
5 1 0
6 0 1
7 1 1
8 0 2
9 1 2
10 2 0
11 3 0
12 2 1
13 3 1
14 2 2
15 3 2
16 -1 -1
17 -1 -1
0
0
0
0
2
0 2000 500 0 30
2 6000 500 0 30
2
1 7999 500 0 30
3 3999 500 0 30
0
0
28
0 4 BR
0 5 BR
0 6 BR
0 7 BR
0 8 BR
0 9 BL
0 10 BR
0 11 BR
0 12 BR
0 13 BR
0 14 BR
0 15 BR
0 16 BR
0 17 BR
2 4 BL
2 5 BR
2 6 BL
2 7 BR
2 8 BR
2 9 BL
2 10 BL
2 11 BR
2 12 BL
2 13 BR
2 14 BR
2 15 BL
2 16 BL
2 17 BR
0
0
0
0
2
0 1928 1096 0 30
2 6141 1083 0 30
2
1 7999 1100 0 30
3 3854 1082 0 30
0
0
28
0 4 BR
0 5 BR
0 6 BR
0 7 BR
0 8 BR
0 9 BL
0 10 BL
0 11 BR
0 12 BR
0 13 BR
0 14 BR
0 15 BR
0 16 BR
0 17 BR
2 4 BL
2 5 BL
2 6 BL
2 7 BR
2 8 BR
2 9 BL
2 10 BL
2 11 BR
2 12 BL
2 13 BR
2 14 BR
2 15 BL
2 16 BL
2 17 BR
0
0
0
0
2
0 1853 1691 0 30
2 6287 1665 0 30
2
1 7999 1700 0 30
3 3709 1664 0 30
0
0
28
0 4 BR
0 5 BR
0 6 BR
0 7 BR
0 8 BR
0 9 BL
0 10 BL
0 11 BR
0 12 BR
0 13 BR
0 14 BR
0 15 BR
0 16 BR
0 17 BR
2 4 BL
2 5 BL
2 6 BL
2 7 BR
2 8 BR
2 9 BL
2 10 BL
2 11 BR
2 12 BL
2 13 BR
2 14 BR
2 15 BL
2 16 BL
2 17 BL
0
0
0
0
2
0 1775 2286 0 30
2 6439 2245 0 30
2
1 7999 2300 0 30
3 3563 2246 0 30
0
0
28
0 4 BR
0 5 BR
0 6 BR
0 7 BR
0 8 BR
0 9 BL
0 10 BL
0 11 BR
0 12 BR
0 13 BR
0 14 BR
0 15 BR
0 16 BR
0 17 BR
2 4 BL
2 5 BL
2 6 BL
2 7 BR
2 8 BR
2 9 BL
2 10 BL
2 11 BR
2 12 BL
2 13 BR
2 14 BR
2 15 BL
2 16 BL
2 17 BL
0
0
0
0
2
0 1693 2880 0 30
2 6597 2824 0 30
2
1 7999 2900 0 30
3 3418 2828 0 30
0
0
28
0 4 BR
0 5 BR
0 6 BR
0 7 BR
0 8 BR
0 9 BL
0 10 BL
0 11 BR
0 12 BR
0 13 BR
0 14 BR
0 15 BR
0 16 BR
0 17 BR
2 4 BL
2 5 BL
2 6 BL
2 7 BR
2 8 BR
2 9 BL
2 10 BL
2 11 BR
2 12 BL
2 13 BR
2 14 BR
2 15 BL
2 16 BL
2 17 BL
0
0
0
0
2
0 1607 3474 0 30
2 6763 3401 0 30
2
1 7999 3500 0 25
3 3272 3410 0 25
3
1 11
3 4
3 6
0
28
0 4 BR
0 5 BR
0 6 BR
0 7 BR
0 8 BR
0 9 BL
0 10 BL
0 11 BR
0 12 BR
0 13 BR
0 14 BR
0 15 BR
0 16 BR
0 17 BR
2 4 BL
2 5 BL
2 6 BL
2 7 BR
2 8 BR
2 9 BL
2 10 BL
2 11 BR
2 12 BL
2 13 BR
2 14 BR
2 15 BL
2 16 BL
2 17 BL
0
0
0
0
2
0 1517 4067 0 25
2 6937 3975 0 25
2
1 7999 4100 0 20
3 3127 3992 0 20
8
0 6
0 10
2 5
2 7
1 11
1 7
3 4
3 6
4
6 2896 5184 -76 393
10 1012 4654 -261 303
5 6078 4908 -271 294
7 7103 5184 54 396
28
0 4 BR
0 5 BR
0 6 BR
0 7 BR
0 8 BR
0 9 BL
0 10 BL
0 11 BR
0 12 BR
0 13 BR
0 14 BR
0 15 BR
0 16 BR
0 17 BR
2 4 BL
2 5 BL
2 6 BL
2 7 BR
2 8 BR
2 9 BL
2 10 BL
2 11 BR
2 12 BL
2 13 BR
2 14 BR
2 15 BL
2 16 BL
2 17 BL
0
0
0
0
2
0 1421 4659 0 26
2 7120 4546 0 26
2
1 7999 4700 0 15
3 2981 4574 0 15
8
0 6
0 10
2 5
2 7
1 11
1 7
3 4
3 6
1
10 751 4957 -365 163
28
0 4 BR
0 5 BR
0 6 BR
0 7 BR
0 8 BR
0 9 BL
0 10 BL
0 11 TR
0 12 BR
0 13 BR
0 14 BR
0 15 BR
0 16 BR
0 17 BR
2 4 BL
2 5 BL
2 6 BL
2 7 BR
2 8 BR
2 9 BL
2 10 BL
2 11 BR
2 12 BL
2 13 BR
2 14 BR
2 15 BL
2 16 BL
2 17 BL
0
0
0
0
2
0 1318 5250 0 27
2 7314 5114 0 27
2
1 7999 5300 0 10
3 2836 5156 0 10
10
0 6
0 10
2 5
2 7
1 11
1 7
1 13
3 4
3 6
3 12
0
28
0 4 TR
0 5 TR
0 6 BR
0 7 BR
0 8 BR
0 9 BL
0 10 TL
0 11 TR
0 12 BR
0 13 BR
0 14 BR
0 15 BR
0 16 BR
0 17 BR
2 4 TL
2 5 TL
2 6 BL
2 7 BL
2 8 BR
2 9 BL
2 10 TL
2 11 TR
2 12 BL
2 13 BR
2 14 BR
2 15 BL
2 16 BL
2 17 BL
0
0
0
0
2
0 1207 5840 0 28
2 7522 5677 0 28
2
1 7999 5900 0 11
3 2690 5738 0 11
10
0 6
0 10
2 5
2 7
1 11
1 7
1 13
3 4
3 6
3 12
0
28
0 4 TR
0 5 TR
0 6 BR
0 7 BR
0 8 BR
0 9 BL
0 10 TL
0 11 TR
0 12 BR
0 13 BR
0 14 BR
0 15 BR
0 16 BR
0 17 BR
2 4 TL
2 5 TL
2 6 BL
2 7 BL
2 8 BR
2 9 BL
2 10 TL
2 11 TR
2 12 BL
2 13 BR
2 14 BR
2 15 BL
2 16 BL
2 17 BL
0
0
0
0
2
0 1085 6427 0 29
2 7746 6233 0 29
2
1 7999 6500 0 12
3 2545 6320 0 12
10
0 6
0 10
2 5
2 7
1 11
1 7
1 13
3 4
3 6
3 12
0
28
0 4 TR
0 5 TR
0 6 BR
0 7 BR
0 8 BR
0 9 BL
0 10 TL
0 11 TR
0 12 BR
0 13 BR
0 14 BR
0 15 BR
0 16 BR
0 17 BR
2 4 TL
2 5 TL
2 6 BL
2 7 BL
2 8 BR
2 9 BL
2 10 TL
2 11 TR
2 12 BL
2 13 BR
2 14 BR
2 15 BL
2 16 BL
2 17 BL
0
0
0
0
2
0 948 7011 0 24
2 7991 6781 0 24
2
1 7999 7100 0 13
3 2399 6902 0 13
13
0 6
0 10
0 12
0 15
2 5
2 7
2 13
1 11
1 7
1 13
3 4
3 6
3 12
5
6 2892 7138 361 173
12 1580 7272 370 153
15 972 8584 -200 0
7 6554 6918 -173 99
13 7778 7444 -216 337
28
0 4 TR
0 5 TR
0 6 BR
0 7 TR
0 8 BR
0 9 BL
0 10 TL
0 11 TR
0 12 BR
0 13 BR
0 14 BR
0 15 BR
0 16 BR
0 17 BR
2 4 TL
2 5 TL
2 6 BL
2 7 BL
2 8 BR
2 9 BL
2 10 TL
2 11 TR
2 12 BL
2 13 BL
2 14 BR
2 15 BL
2 16 BL
2 17 BL
0
0
0
0
2
0 790 7590 0 25
2 8264 7315 0 25
2
1 7999 7700 0 14
3 2254 7484 0 14
13
0 6
0 10
0 12
0 15
2 5
2 7
2 13
1 11
1 7
1 13
3 4
3 6
3 12
1
13 7562 7500 -364 -166
28
0 4 TR
0 5 TR
0 6 TR
0 7 TR
0 8 BR
0 9 BL
0 10 TL
0 11 TR
0 12 TR
0 13 TR
0 14 BR
0 15 BL
0 16 BR
0 17 BR
2 4 TL
2 5 TL
2 6 TL
2 7 TL
2 8 BR
2 9 BL
2 10 TL
2 11 TR
2 12 BL
2 13 BL
2 14 BR
2 15 BL
2 16 BL
2 17 BL
0
0
0
0
2
0 603 8160 0 20
2 8568 7832 0 26
2
1 8423 8124 0 9
3 2108 8066 0 15
16
0 6
0 10
0 12
0 15
0 9
2 5
2 7
2 13
1 11
1 7
1 13
1 8
1 14
3 4
3 6
3 12
3
9 529 9333 -25 399
12 1557 7349 -244 -317
15 765 8984 77 392
28
0 4 TR
0 5 TR
0 6 TR
0 7 TR
0 8 BR
0 9 BL
0 10 TR
0 11 TR
0 12 TR
0 13 TR
0 14 BR
0 15 BR
0 16 BR
0 17 BR
2 4 TL
2 5 TL
2 6 TL
2 7 TL
2 8 BR
2 9 BL
2 10 TL
2 11 TR
2 12 TL
2 13 TL
2 14 BR
2 15 BL
2 16 BL
2 17 BL
0
0
0
0
2
0 1005 7715 0 21
2 8867 8352 0 21
2
1 8370 7526 0 4
3 1683 8490 0 10
20
0 6
0 10
0 12
0 15
0 9
2 5
2 7
2 13
2 8
2 14
1 11
1 7
1 13
1 8
1 14
3 4
3 6
3 12
3 9
3 15
3
12 1313 7032 164 -365
8 9329 9192 193 350
14 9791 8751 367 159
28
0 4 TR
0 5 TR
0 6 TR
0 7 TR
0 8 BR
0 9 BL
0 10 TL
0 11 TR
0 12 TR
0 13 TR
0 14 BR
0 15 BL
0 16 BR
0 17 BR
2 4 TL
2 5 TL
2 6 TL
2 7 TL
2 8 BR
2 9 BL
2 10 TL
2 11 TR
2 12 TL
2 13 TL
2 14 BR
2 15 BL
2 16 BL
2 17 BL
0
0
0
0
2
0 1427 7289 0 22
2 8940 7756 0 22
2
1 8317 6928 0 5
3 1735 7892 0 11
20
0 6
0 10
0 12
0 15
0 9
2 5
2 7
2 13
2 8
2 14
1 11
1 7
1 13
1 8
1 14
3 4
3 6
3 12
3 9
3 15
1
12 1477 6667 32 -399
26
0 4 TR
0 5 TR
0 6 TR
0 7 BR
0 8 BR
0 9 BL
0 10 TL
0 11 TR
0 12 TR
0 13 TR
0 15 BL
0 16 BR
0 17 BR
2 4 TL
2 5 TL
2 6 TL
2 7 TL
2 8 BR
2 9 BL
2 10 TL
2 11 TL
2 12 TL
2 13 TL
2 15 BL
2 16 BL
2 17 BL
0
0
0
0
2
0 1864 6878 0 23
2 8530 7318 0 23
2
1 8262 6331 0 6
3 1771 7293 0 12
20
0 6
0 10
0 12
0 15
0 9
2 5
2 7
2 13
2 8
2 14
1 11
1 7
1 13
1 8
1 14
3 4
3 6
3 12
3 9
3 15
1
12 1509 6268 -201 -346
26
0 4 TR
0 5 TR
0 6 BR
0 7 BR
0 8 BR
0 9 BL
0 10 TL
0 11 TR
0 12 TL
0 13 BR
0 15 BL
0 16 BR
0 17 BR
2 4 TL
2 5 TL
2 6 TL
2 7 BL
2 8 BR
2 9 BL
2 10 TL
2 11 TR
2 12 TL
2 13 TL
2 15 BL
2 16 BL
2 17 BL
0
0
0
0
2
0 2302 6467 0 24
2 8651 6730 0 24
2
1 8207 5734 0 7
3 1807 6694 0 13
20
0 6
0 10
0 12
0 15
0 9
2 5
2 7
2 13
2 8
2 14
1 11
1 7
1 13
1 8
1 14
3 4
3 6
3 12
3 9
3 15
0
26
0 4 TR
0 5 TR
0 6 BR
0 7 BR
0 8 BR
0 9 BL
0 10 TL
0 11 TR
0 12 TL
0 13 BR
0 15 BL
0 16 BR
0 17 BR
2 4 TL
2 5 TL
2 6 BL
2 7 BL
2 8 BR
2 9 BL
2 10 TL
2 11 TL
2 12 TL
2 13 BL
2 15 BL
2 16 BL
2 17 BL
0
0
0
0
2
0 2758 6077 0 25
2 8214 6319 0 25
2
1 8152 5137 0 8
3 1843 6095 0 14
20
0 6
0 10
0 12
0 15
0 9
2 5
2 7
2 13
2 8
2 14
1 11
1 7
1 13
1 8
1 14
3 4
3 6
3 12
3 9
3 15
0
26
0 4 TR
0 5 TR
0 6 BR
0 7 BR
0 8 BR
0 9 BL
0 10 TL
0 11 TR
0 12 TL
0 13 BR
0 15 BL
0 16 BR
0 17 BR
2 4 TL
2 5 TL
2 6 BL
2 7 BL
2 8 BR
2 9 BL
2 10 TL
2 11 TR
2 12 TL
2 13 BL
2 15 BL
2 16 BL
2 17 BL
0
0
0
0
2
0 3214 5688 0 26
2 8411 5752 0 26
2
1 8097 4540 0 9
3 1879 5496 0 15
20
0 6
0 10
0 12
0 15
0 9
2 5
2 7
2 13
2 8
2 14
1 11
1 7
1 13
1 8
1 14
3 4
3 6
3 12
3 9
3 15
0
26
0 4 TL
0 5 TR
0 6 BR
0 7 BR
0 8 BR
0 9 BL
0 10 TL
0 11 TR
0 12 TL
0 13 BR
0 15 BL
0 16 BR
0 17 BR
2 4 TL
2 5 TL
2 6 BL
2 7 BL
2 8 BR
2 9 BL
2 10 TL
2 11 TR
2 12 TL
2 13 BL
2 15 BL
2 16 BL
2 17 BL