0
10
1 0 1 4 16 1
2 0 5 6 24 0
3 0 2 2 8 3
4 0 2 4 16 2
5 0 5 2 32 1
6 1 1 4 16 1
7 1 5 6 24 0
8 1 2 2 8 3
9 1 2 4 16 2
10 1 5 2 32 1
12 6
0 0 0 1 0 0 2 0 0 3 0 0 4 0 0 5 0 0 6 0 0 7 0 0 8 0 0 9 0 0 10 0 0 11 0 0
0 1 0 1 1 0 2 1 0 3 1 0 4 1 0 5 1 0 6 1 0 7 1 0 8 1 0 9 1 0 10 1 0 11 1 0
0 2 0 1 2 0 2 2 0 3 2 0 4 2 0 5 2 0 6 2 0 7 2 0 8 2 0 9 2 2 10 2 1 11 2 0
0 3 0 1 3 1 2 3 2 3 3 0 4 3 0 5 3 0 6 3 0 7 3 0 8 3 0 9 3 0 10 3 0 11 3 0
0 4 0 1 4 0 2 4 0 3 4 0 4 4 0 5 4 0 6 4 0 7 4 0 8 4 0 9 4 0 10 4 0 11 4 0
0 5 0 1 5 0 2 5 0 3 5 0 4 5 0 5 5 0 6 5 0 7 5 0 8 5 0 9 5 0 10 5 0 11 5 0
10
1 0 5 0 1 0
2 0 2 0 0 0
3 0 0 0 3 0
4 0 4 0 2 0
5 0 3 0 1 0
6 11 0 0 1 0
7 11 3 0 0 0
8 11 5 0 3 0
9 11 1 0 2 0
10 11 2 0 1 0
5
10
1 1 5 0 1 0
2 1 2 0 0 0
3 1 0 0 3 0
4 1 4 0 2 0
5 0 2 0 1 9
6 10 0 0 1 0
7 10 3 5 0 0
8 10 5 0 3 0
9 10 1 0 2 0
10 11 2 0 1 0
5