12
1 0
3 2
6 3
10 4
3 5
5 5
6 6
8 6
1 7
5 8
8 9
10 11
21
1
20
2
O......#####
..........##
...........#
............
............
............
............
............
............
#...........
##.........X
#####......X
2
0 0 0 0
1 0 11 11
0
2
1
2
2
OO.....#####
O.........##
...........#
............
............
............
............
............
............
#..........X
##.........X
#####.....XX
2
0 0 0 0
1 0 11 11
4
0 1 1 1 0
0 2 1 0 1
1 3 1 10 11
1 4 1 11 9
5
3
4
4
OOO....#####
OO........##
...........#
............
............
............
............
............
...........X
#..........X
##........XX
#####.....XX
2
0 0 0 0
1 0 11 11
4
0 1 1 2 0
0 2 1 1 1
1 3 1 10 10
1 4 1 11 8
10
5
8
6
OOOO...#####
OOO.......##
...........#
............
............
............
............
...........X
...........X
#.........XX
##........XX
#####.....XX
2
0 0 0 0
1 0 11 11
4
0 1 1 3 0
0 2 1 2 1
1 3 1 10 9
1 4 1 11 7
17
7
4
8
OOOOO..#####
OOOO......##
...........#
............
............
............
...........X
...........X
..........XX
#.........XX
##........XX
#####....XXX
2
0 0 0 0
1 0 11 11
5
0 1 1 4 0
0 2 1 3 1
1 3 1 10 8
1 4 1 11 6
1 5 1 9 11
106
24
18
7
OOO####OOOO#
OOO#OOOOOOOO
OOOOOOOOOOOO
###OOOOOOOO#
####OOOOO###
#####OO#####
#####OO#####
###XXXXX####
#XXXXXXXX###
XXXXXXXXXXXX
XXXXXXXX#XXX
#XXXX####XXX
7
0 0 0 0
0 1 1 0
0 1 3 2
0 1 4 3
1 0 11 11
1 1 10 11
1 2 10 10
25
0 2 1 8 4
0 12 1 10 3
0 29 1 11 2
0 42 1 6 1
0 47 1 6 3
0 48 2 6 4
0 49 3 6 5
0 51 1 6 2
0 54 1 6 6
0 56 1 5 5
0 57 1 5 6
0 58 1 5 3
0 59 1 7 4
1 4 1 1 10
1 5 1 2 11
1 7 1 3 8
1 8 1 3 10
1 10 1 4 9
1 13 1 0 10
1 15 1 2 8
1 16 1 4 8
1 19 2 1 8
1 36 2 1 9
1 37 2 4 7
1 45 3 5 8
42
14
105
43
OOO#......o#
OOOOXoooooo#
OOXXXXooooo#
OXXXXXXXooo#
XXXXXXXoooo#
#XXXXXXXooo#
#XXXXXXoooo#
#XXXXXXoooo.
#XXXXXXooo..
#XXXXXXXoXXX
#XXXXXXXXXXX
#.......#..X
3
0 0 0 0
0 1 1 0
1 0 11 11
23
1 3 1 1 5
1 4 1 0 4
1 6 1 1 3
1 7 1 1 6
1 9 1 1 4
1 12 1 1 7
1 14 1 2 4
1 15 1 2 5
1 16 1 2 7
1 19 1 2 6
1 32 1 3 5
1 33 1 2 3
1 36 1 3 2
1 37 1 4 5
1 38 1 4 6
1 41 1 4 3
1 42 1 4 4
1 43 1 6 5
1 44 1 5 4
1 47 1 5 2
1 48 1 4 1
1 49 1 2 2
1 50 1 6 3