29
0 0 -1 1 3 -1 2 4
0 0 7 -1 9 3 0 -1
0 0 4 0 -1 8 -1 10
0 0 1 9 11 13 -1 0
0 0 14 -1 0 2 10 12
0 0 15 17 7 -1 14 -1
0 0 -1 13 -1 16 18 8
0 0 17 19 -1 1 -1 5
0 0 2 -1 6 18 20 -1
0 0 -1 -1 -1 11 3 1
0 0 12 4 2 -1 -1 -1
0 0 9 -1 -1 21 13 3
0 0 22 14 4 10 -1 -1
0 0 3 11 21 -1 6 -1
0 0 -1 5 -1 4 12 22
0 0 23 25 17 5 -1 28
0 0 6 -1 27 24 26 18
2 58 25 -1 19 7 5 15
2 58 8 6 16 26 -1 20
0 0 -1 -1 -1 -1 7 17
0 0 -1 8 18 -1 -1 -1
0 0 11 -1 -1 -1 -1 13
0 0 -1 -1 14 12 -1 -1
2 42 -1 -1 25 15 28 -1
2 42 16 27 -1 -1 -1 26
2 10 -1 -1 -1 17 15 23
2 10 18 16 24 -1 -1 -1
0 0 -1 -1 -1 -1 24 16
0 0 -1 23 15 -1 -1 -1
1
27
28
0 0 0
0 0 0
0 0 0
0 0 0
0 0 0
0 0 0
0 0 0
0 0 0
0 0 0
0 0 0
0 0 0
0 0 0
0 0 0
0 0 0
0 0 0
0 0 0
0 0 0
58 0 0
58 0 0
0 0 0
0 0 0
0 0 0
0 0 0
42 0 0
42 0 0
10 0 0
10 0 0
0 60 0
0 0 60
