0 4000
2
0 0 1000
1 0 8000
20
0 3000 1000 2600 1000
1 3000 8000 2600 8000
2 4000 1000 3600 1000
3 4000 8000 3600 8000
4 5000 1000 4600 1000
5 5000 8000 4600 8000
6 7000 1000 6600 1000
7 7000 8000 6600 8000
8 9000 1000 8600 1000
9 9000 8000 8600 8000
10 11000 1000 10600 1000
11 11000 8000 10600 8000
12 13000 1000 12600 1000
13 13000 8000 12600 8000
14 14000 1000 13600 1000
15 14000 8000 13600 8000
16 14500 1000 14100 1000
17 14500 8000 14100 8000
18 15000 1000 14600 1000
19 15000 8000 14600 8000
966 4257
2
0 0 1000
1 0 8000
20
0 2600 1000 2200 1000
1 2600 8000 2200 8000
2 3600 1000 3200 1000
3 3600 8000 3200 8000
4 4600 1000 4200 1000
5 4600 8000 4200 8000
6 6600 1000 6253 1200
7 6600 8000 6200 8000
8 8600 1000 8232 1156
9 8600 8000 8240 7823
10 10600 1000 10221 1128
11 10600 8000 10227 7855
12 12600 1000 12214 1107
13 12600 8000 12219 7877
14 13600 1000 13212 1099
15 13600 8000 13216 7886
16 14100 1000 13711 1096
17 14100 8000 13715 7890
18 14600 1000 14210 1092
19 14600 8000 14214 7894
1930 4521
2
0 0 1000
1 0 8000
20
0 2200 1000 1800 1000
1 2200 8000 1800 8000
2 3200 1000 2800 1000
3 3200 8000 2800 8000
4 4200 1000 3983 1336
5 4200 8000 3981 7665
6 6253 1200 5935 1443
7 6200 8000 5889 7747
8 8232 1156 7879 1344
9 8240 7823 7885 7637
10 10221 1128 9850 1279
11 10227 7855 9855 7705
12 12214 1107 11834 1233
13 12219 7877 11838 7752
14 13212 1099 12829 1215
15 13216 7886 12832 7771
16 13711 1096 13326 1207
17 13715 7890 13330 7780
18 14210 1092 13824 1199
19 14214 7894 13828 7788
2894 4785
2
0 0 1000
1 0 8000
20
0 1800 1000 1400 1000
1 1800 8000 1400 8000
2 2800 1000 2400 1000
3 2800 8000 2400 8000
4 3983 1336 3862 1717
5 3981 7665 3839 7290
6 5935 1443 5665 1738
7 5889 7747 5604 7465
8 7879 1344 7549 1571
9 7885 7637 7537 7438
10 9850 1279 9492 1459
11 9855 7705 9486 7550
12 11834 1233 11462 1380
13 11838 7752 11458 7626
14 12829 1215 12452 1350
15 12832 7771 12448 7655
16 13326 1207 12947 1336
17 13330 7780 12945 7669
18 13824 1199 13443 1323
19 13828 7788 13442 7682
3858 5049
2
0 0 1000
1 0 8000
20
0 1400 1000 1000 1000
1 1400 8000 1000 8000
2 2400 1000 2000 1000
3 2400 8000 2000 8000
4 3862 1717 3861 2116
5 3839 7290 3842 6890
6 5665 1738 5473 2089
7 5604 7465 5369 7140
8 7549 1571 7257 1845
9 7537 7438 7201 7220
10 9492 1459 9154 1673
11 9486 7550 9120 7387
12 11462 1380 11101 1553
13 11458 7626 11079 7497
14 12452 1350 12084 1508
15 12448 7655 12065 7538
16 12947 1336 12576 1487
17 12945 7669 12560 7558
18 13443 1323 13070 1467
19 13442 7682 13056 7576
