35 14
###################################
......#.....#...###...#.....#......
#####.#.#.###.#######.###.#.#.#####
........#.................#........
###.###.#.#####.###.#####.#.###.###
#.....#.#.....#.###.#.....#.#.....#
#.###.#.###.#.#.###.#.#.###.#.###.#
#.#.........#.........#.........#.#
#.#.###.#.#.#####.#####.#.#.###.#.#
#.#...#.#.#.............#.#.#...#.#
#.#.#.#.#.#####.#.#.#####.#.#.#.#.#
#.....#.#.......#.#.......#.#.....#
###.#.#.###.###.#.#.###.###.#.#.###
###################################
0 0
5
0 1 27 12 ROCK 0 0
1 1 15 1 PAPER 0 0
2 1 24 3 SCISSORS 0 0
2 0 10 3 SCISSORS 0 0
3 1 4 7 ROCK 0 0
27 11 1
27 10 1
27 9 1
27 8 1
27 7 1
27 6 1
27 5 1
27 4 1
27 3 1
27 2 1
27 1 1
14 1 1
13 1 1
23 3 1
22 3 1
21 3 1
20 3 1
19 3 1
18 3 1
17 3 1
16 3 1
15 3 1
14 3 1
13 3 1
12 3 1
11 3 1
9 3 1
25 3 1
3 7 1
5 7 1
6 7 1
7 7 1
8 7 1
9 7 1
10 7 1
11 7 1
6 3 10
28 3 10
10 11 10
24 11 10
8 8
4
0 1 27 10 ROCK 0 0
1 1 13 1 PAPER 0 0
2 1 25 2 SCISSORS 0 0
3 1 6 7 ROCK 0 0
27 9 1
27 8 1
27 7 1
27 6 1
27 5 1
27 4 1
27 3 1
27 2 1
27 1 1
13 2 1
13 3 1
25 1 1
25 4 1
25 5 1
3 7 1
7 7 1
8 7 1
9 7 1
10 7 1
11 7 1
6 3 10
28 3 10
10 11 10
24 11 10
12 12
6
0 1 27 9 ROCK 0 0
0 0 7 9 ROCK 0 0
1 1 13 2 PAPER 0 0
2 1 25 1 SCISSORS 0 0
2 0 13 3 SCISSORS 0 0
3 1 7 7 ROCK 0 0
27 8 1
27 7 1
27 6 1
27 5 1
27 4 1
27 3 1
27 2 1
27 1 1
24 1 1
23 1 1
26 1 1
25 4 1
25 5 1
3 7 1
8 7 1
9 7 1
10 7 1
11 7 1
7 6 1
7 5 1
7 4 1
7 3 1
7 2 1
7 1 1
7 8 1
6 3 10
28 3 10
10 11 10
24 11 10