31 15
###############################
#####...#.#.#.....#.#.#...#####
#####.#.#.#.#.#.#.#.#.#.#.#####
#.....#.......#.#.......#.....#
#.#.#.###.#####.#####.###.#.#.#
#.#...#.................#...#.#
###.#.#.###.###.###.###.#.#.###
#.#.#.....#...#.#...#.....#.#.#
#.#.#####.#.#.#.#.#.#.#####.#.#
#...........#.....#...........#
###.#.#.#.#.#.###.#.#.#.#.#.###
....#.#...#.#.....#.#...#.#....
###.#.###.#.###.###.#.###.#.###
....#.....#.........#.....#....
###############################
0 0
2
0 1 23 6 NEUTRAL 0 0
0 0 7 6 NEUTRAL 0 0
222
5 1 1
6 1 1
9 1 1
11 1 1
13 1 1
14 1 1
15 1 1
16 1 1
17 1 1
19 1 1
21 1 1
24 1 1
25 1 1
5 2 1
7 2 1
9 2 1
11 2 1
13 2 1
15 2 1
17 2 1
19 2 1
21 2 1
23 2 1
25 2 1
1 3 1
2 3 1
3 3 1
4 3 1
5 3 1
7 3 1
8 3 1
9 3 1
10 3 1
11 3 1
12 3 1
13 3 1
15 3 1
17 3 1
18 3 1
19 3 1
20 3 1
21 3 1
22 3 1
23 3 1
25 3 1
26 3 1
27 3 1
28 3 1
29 3 1
1 4 1
3 4 1
5 4 1
9 4 1
15 4 1
21 4 1
25 4 1
27 4 1
29 4 1
1 5 1
3 5 1
4 5 1
5 5 1
7 5 1
8 5 1
9 5 1
10 5 1
12 5 1
13 5 1
14 5 1
15 5 1
16 5 1
17 5 1
18 5 1
20 5 1
21 5 1
22 5 1
23 5 1
25 5 1
26 5 1
27 5 1
29 5 1
3 6 1
5 6 1
11 6 1
15 6 1
19 6 1
25 6 1
27 6 1
1 7 1
3 7 1
5 7 1
6 7 1
7 7 1
8 7 1
9 7 1
11 7 1
12 7 1
13 7 1
15 7 1
17 7 1
18 7 1
19 7 1
21 7 1
22 7 1
23 7 1
24 7 1
25 7 1
27 7 1
29 7 1
1 8 1
3 8 1
9 8 1
11 8 1
13 8 1
15 8 1
17 8 1
19 8 1
21 8 1
27 8 1
29 8 1
1 9 1
2 9 1
3 9 1
4 9 1
5 9 1
6 9 1
7 9 1
8 9 1
9 9 1
10 9 1
11 9 1
13 9 1
14 9 1
15 9 1
16 9 1
17 9 1
19 9 1
20 9 1
21 9 1
22 9 1
23 9 1
24 9 1
25 9 1
26 9 1
27 9 1
28 9 1
29 9 1
3 10 1
5 10 1
7 10 1
9 10 1
11 10 1
13 10 1
17 10 1
19 10 1
21 10 1
23 10 1
25 10 1
27 10 1
0 11 1
1 11 1
2 11 1
3 11 1
5 11 1
7 11 1
8 11 1
9 11 1
11 11 1
13 11 1
14 11 1
15 11 1
16 11 1
17 11 1
19 11 1
21 11 1
22 11 1
23 11 1
25 11 1
27 11 1
28 11 1
29 11 1
30 11 1
3 12 1
5 12 1
9 12 1
11 12 1
15 12 1
19 12 1
21 12 1
25 12 1
27 12 1
0 13 1
1 13 1
2 13 1
3 13 1
5 13 1
6 13 1
7 13 1
8 13 1
9 13 1
11 13 1
12 13 1
13 13 1
14 13 1
15 13 1
16 13 1
17 13 1
18 13 1
19 13 1
21 13 1
22 13 1
23 13 1
24 13 1
25 13 1
27 13 1
28 13 1
29 13 1
30 13 1
7 1 10
23 1 10
11 5 10
19 5 10
0 0
2
0 1 23 5 NEUTRAL 0 0
0 0 7 7 NEUTRAL 0 0
220
5 1 1
6 1 1
9 1 1
11 1 1
13 1 1
14 1 1
15 1 1
16 1 1
17 1 1
19 1 1
21 1 1
24 1 1
25 1 1
5 2 1
7 2 1
9 2 1
11 2 1
13 2 1
15 2 1
17 2 1
19 2 1
21 2 1
23 2 1
25 2 1
1 3 1
2 3 1
3 3 1
4 3 1
5 3 1
7 3 1
8 3 1
9 3 1
10 3 1
11 3 1
12 3 1
13 3 1
15 3 1
17 3 1
18 3 1
19 3 1
20 3 1
21 3 1
22 3 1
23 3 1
25 3 1
26 3 1
27 3 1
28 3 1
29 3 1
1 4 1
3 4 1
5 4 1
9 4 1
15 4 1
21 4 1
25 4 1
27 4 1
29 4 1
1 5 1
3 5 1
4 5 1
5 5 1
7 5 1
8 5 1
9 5 1
10 5 1
12 5 1
13 5 1
14 5 1
15 5 1
16 5 1
17 5 1
18 5 1
20 5 1
21 5 1
22 5 1
25 5 1
26 5 1
27 5 1
29 5 1
3 6 1
5 6 1
11 6 1
15 6 1
19 6 1
25 6 1
27 6 1
1 7 1
3 7 1
5 7 1
6 7 1
8 7 1
9 7 1
11 7 1
12 7 1
13 7 1
15 7 1
17 7 1
18 7 1
19 7 1
21 7 1
22 7 1
23 7 1
24 7 1
25 7 1
27 7 1
29 7 1
1 8 1
3 8 1
9 8 1
11 8 1
13 8 1
15 8 1
17 8 1
19 8 1
21 8 1
27 8 1
29 8 1
1 9 1
2 9 1
3 9 1
4 9 1
5 9 1
6 9 1
7 9 1
8 9 1
9 9 1
10 9 1
11 9 1
13 9 1
14 9 1
15 9 1
16 9 1
17 9 1
19 9 1
20 9 1
21 9 1
22 9 1
23 9 1
24 9 1
25 9 1
26 9 1
27 9 1
28 9 1
29 9 1
3 10 1
5 10 1
7 10 1
9 10 1
11 10 1
13 10 1
17 10 1
19 10 1
21 10 1
23 10 1
25 10 1
27 10 1
0 11 1
1 11 1
2 11 1
3 11 1
5 11 1
7 11 1
8 11 1
9 11 1
11 11 1
13 11 1
14 11 1
15 11 1
16 11 1
17 11 1
19 11 1
21 11 1
22 11 1
23 11 1
25 11 1
27 11 1
28 11 1
29 11 1
30 11 1
3 12 1
5 12 1
9 12 1
11 12 1
15 12 1
19 12 1
21 12 1
25 12 1
27 12 1
0 13 1
1 13 1
2 13 1
3 13 1
5 13 1
6 13 1
7 13 1
8 13 1
9 13 1
11 13 1
12 13 1
13 13 1
14 13 1
15 13 1
16 13 1
17 13 1
18 13 1
19 13 1
21 13 1
22 13 1
23 13 1
24 13 1
25 13 1
27 13 1
28 13 1
29 13 1
30 13 1
7 1 10
23 1 10
11 5 10
19 5 10
0 0
2
0 1 22 5 NEUTRAL 0 0
0 0 8 7 NEUTRAL 0 0
218
5 1 1
6 1 1
9 1 1
11 1 1
13 1 1
14 1 1
15 1 1
16 1 1
17 1 1
19 1 1
21 1 1
24 1 1
25 1 1
5 2 1
7 2 1
9 2 1
11 2 1
13 2 1
15 2 1
17 2 1
19 2 1
21 2 1
23 2 1
25 2 1
1 3 1
2 3 1
3 3 1
4 3 1
5 3 1
7 3 1
8 3 1
9 3 1
10 3 1
11 3 1
12 3 1
13 3 1
15 3 1
17 3 1
18 3 1
19 3 1
20 3 1
21 3 1
22 3 1
23 3 1
25 3 1
26 3 1
27 3 1
28 3 1
29 3 1
1 4 1
3 4 1
5 4 1
9 4 1
15 4 1
21 4 1
25 4 1
27 4 1
29 4 1
1 5 1
3 5 1
4 5 1
5 5 1
7 5 1
8 5 1
9 5 1
10 5 1
12 5 1
13 5 1
14 5 1
15 5 1
16 5 1
17 5 1
18 5 1
20 5 1
21 5 1
25 5 1
26 5 1
27 5 1
29 5 1
3 6 1
5 6 1
11 6 1
15 6 1
19 6 1
25 6 1
27 6 1
1 7 1
3 7 1
5 7 1
6 7 1
9 7 1
11 7 1
12 7 1
13 7 1
15 7 1
17 7 1
18 7 1
19 7 1
21 7 1
22 7 1
23 7 1
24 7 1
25 7 1
27 7 1
29 7 1
1 8 1
3 8 1
9 8 1
11 8 1
13 8 1
15 8 1
17 8 1
19 8 1
21 8 1
27 8 1
29 8 1
1 9 1
2 9 1
3 9 1
4 9 1
5 9 1
6 9 1
7 9 1
8 9 1
9 9 1
10 9 1
11 9 1
13 9 1
14 9 1
15 9 1
16 9 1
17 9 1
19 9 1
20 9 1
21 9 1
22 9 1
23 9 1
24 9 1
25 9 1
26 9 1
27 9 1
28 9 1
29 9 1
3 10 1
5 10 1
7 10 1
9 10 1
11 10 1
13 10 1
17 10 1
19 10 1
21 10 1
23 10 1
25 10 1
27 10 1
0 11 1
1 11 1
2 11 1
3 11 1
5 11 1
7 11 1
8 11 1
9 11 1
11 11 1
13 11 1
14 11 1
15 11 1
16 11 1
17 11 1
19 11 1
21 11 1
22 11 1
23 11 1
25 11 1
27 11 1
28 11 1
29 11 1
30 11 1
3 12 1
5 12 1
9 12 1
11 12 1
15 12 1
19 12 1
21 12 1
25 12 1
27 12 1
0 13 1
1 13 1
2 13 1
3 13 1
5 13 1
6 13 1
7 13 1
8 13 1
9 13 1
11 13 1
12 13 1
13 13 1
14 13 1
15 13 1
16 13 1
17 13 1
18 13 1
19 13 1
21 13 1
22 13 1
23 13 1
24 13 1
25 13 1
27 13 1
28 13 1
29 13 1
30 13 1
7 1 10
23 1 10
11 5 10
19 5 10
0 0
2
0 1 21 5 NEUTRAL 0 0
0 0 9 7 NEUTRAL 0 0
216
5 1 1
6 1 1
9 1 1
11 1 1
13 1 1
14 1 1
15 1 1
16 1 1
17 1 1
19 1 1
21 1 1
24 1 1
25 1 1
5 2 1
7 2 1
9 2 1
11 2 1
13 2 1
15 2 1
17 2 1
19 2 1
21 2 1
23 2 1
25 2 1
1 3 1
2 3 1
3 3 1
4 3 1
5 3 1
7 3 1
8 3 1
9 3 1
10 3 1
11 3 1
12 3 1
13 3 1
15 3 1
17 3 1
18 3 1
19 3 1
20 3 1
21 3 1
22 3 1
23 3 1
25 3 1
26 3 1
27 3 1
28 3 1
29 3 1
1 4 1
3 4 1
5 4 1
9 4 1
15 4 1
21 4 1
25 4 1
27 4 1
29 4 1
1 5 1
3 5 1
4 5 1
5 5 1
7 5 1
8 5 1
9 5 1
10 5 1
12 5 1
13 5 1
14 5 1
15 5 1
16 5 1
17 5 1
18 5 1
20 5 1
25 5 1
26 5 1
27 5 1
29 5 1
3 6 1
5 6 1
11 6 1
15 6 1
19 6 1
25 6 1
27 6 1
1 7 1
3 7 1
5 7 1
6 7 1
11 7 1
12 7 1
13 7 1
15 7 1
17 7 1
18 7 1
19 7 1
21 7 1
22 7 1
23 7 1
24 7 1
25 7 1
27 7 1
29 7 1
1 8 1
3 8 1
9 8 1
11 8 1
13 8 1
15 8 1
17 8 1
19 8 1
21 8 1
27 8 1
29 8 1
1 9 1
2 9 1
3 9 1
4 9 1
5 9 1
6 9 1
7 9 1
8 9 1
9 9 1
10 9 1
11 9 1
13 9 1
14 9 1
15 9 1
16 9 1
17 9 1
19 9 1
20 9 1
21 9 1
22 9 1
23 9 1
24 9 1
25 9 1
26 9 1
27 9 1
28 9 1
29 9 1
3 10 1
5 10 1
7 10 1
9 10 1
11 10 1
13 10 1
17 10 1
19 10 1
21 10 1
23 10 1
25 10 1
27 10 1
0 11 1
1 11 1
2 11 1
3 11 1
5 11 1
7 11 1
8 11 1
9 11 1
11 11 1
13 11 1
14 11 1
15 11 1
16 11 1
17 11 1
19 11 1
21 11 1
22 11 1
23 11 1
25 11 1
27 11 1
28 11 1
29 11 1
30 11 1
3 12 1
5 12 1
9 12 1
11 12 1
15 12 1
19 12 1
21 12 1
25 12 1
27 12 1
0 13 1
1 13 1
2 13 1
3 13 1
5 13 1
6 13 1
7 13 1
8 13 1
9 13 1
11 13 1
12 13 1
13 13 1
14 13 1
15 13 1
16 13 1
17 13 1
18 13 1
19 13 1
21 13 1
22 13 1
23 13 1
24 13 1
25 13 1
27 13 1
28 13 1
29 13 1
30 13 1
7 1 10
23 1 10
11 5 10
19 5 10
0 0
2
0 1 20 5 NEUTRAL 0 0
0 0 9 8 NEUTRAL 0 0
214
5 1 1
6 1 1
9 1 1
11 1 1
13 1 1
14 1 1
15 1 1
16 1 1
17 1 1
19 1 1
21 1 1
24 1 1
25 1 1
5 2 1
7 2 1
9 2 1
11 2 1
13 2 1
15 2 1
17 2 1
19 2 1
21 2 1
23 2 1
25 2 1
1 3 1
2 3 1
3 3 1
4 3 1
5 3 1
7 3 1
8 3 1
9 3 1
10 3 1
11 3 1
12 3 1
13 3 1
15 3 1
17 3 1
18 3 1
19 3 1
20 3 1
21 3 1
22 3 1
23 3 1
25 3 1
26 3 1
27 3 1
28 3 1
29 3 1
1 4 1
3 4 1
5 4 1
9 4 1
15 4 1
21 4 1
25 4 1
27 4 1
29 4 1
1 5 1
3 5 1
4 5 1
5 5 1
7 5 1
8 5 1
9 5 1
10 5 1
12 5 1
13 5 1
14 5 1
15 5 1
16 5 1
17 5 1
18 5 1
25 5 1
26 5 1
27 5 1
29 5 1
3 6 1
5 6 1
11 6 1
15 6 1
19 6 1
25 6 1
27 6 1
1 7 1
3 7 1
5 7 1
6 7 1
11 7 1
12 7 1
13 7 1
15 7 1
17 7 1
18 7 1
19 7 1
21 7 1
22 7 1
23 7 1
24 7 1
25 7 1
27 7 1
29 7 1
1 8 1
3 8 1
11 8 1
13 8 1
15 8 1
17 8 1
19 8 1
21 8 1
27 8 1
29 8 1
1 9 1
2 9 1
3 9 1
4 9 1
5 9 1
6 9 1
7 9 1
8 9 1
9 9 1
10 9 1
11 9 1
13 9 1
14 9 1
15 9 1
16 9 1
17 9 1
19 9 1
20 9 1
21 9 1
22 9 1
23 9 1
24 9 1
25 9 1
26 9 1
27 9 1
28 9 1
29 9 1
3 10 1
5 10 1
7 10 1
9 10 1
11 10 1
13 10 1
17 10 1
19 10 1
21 10 1
23 10 1
25 10 1
27 10 1
0 11 1
1 11 1
2 11 1
3 11 1
5 11 1
7 11 1
8 11 1
9 11 1
11 11 1
13 11 1
14 11 1
15 11 1
16 11 1
17 11 1
19 11 1
21 11 1
22 11 1
23 11 1
25 11 1
27 11 1
28 11 1
29 11 1
30 11 1
3 12 1
5 12 1
9 12 1
11 12 1
15 12 1
19 12 1
21 12 1
25 12 1
27 12 1
0 13 1
1 13 1
2 13 1
3 13 1
5 13 1
6 13 1
7 13 1
8 13 1
9 13 1
11 13 1
12 13 1
13 13 1
14 13 1
15 13 1
16 13 1
17 13 1
18 13 1
19 13 1
21 13 1
22 13 1
23 13 1
24 13 1
25 13 1
27 13 1
28 13 1
29 13 1
30 13 1
7 1 10
23 1 10
11 5 10
19 5 10
0 0
2
0 1 19 5 NEUTRAL 0 0
0 0 9 9 NEUTRAL 0 0
212
5 1 1
6 1 1
9 1 1
11 1 1
13 1 1
14 1 1
15 1 1
16 1 1
17 1 1
19 1 1
21 1 1
24 1 1
25 1 1
5 2 1
7 2 1
9 2 1
11 2 1
13 2 1
15 2 1
17 2 1
19 2 1
21 2 1
23 2 1
25 2 1
1 3 1
2 3 1
3 3 1
4 3 1
5 3 1
7 3 1
8 3 1
9 3 1
10 3 1
11 3 1
12 3 1
13 3 1
15 3 1
17 3 1
18 3 1
19 3 1
20 3 1
21 3 1
22 3 1
23 3 1
25 3 1
26 3 1
27 3 1
28 3 1
29 3 1
1 4 1
3 4 1
5 4 1
9 4 1
15 4 1
21 4 1
25 4 1
27 4 1
29 4 1
1 5 1
3 5 1
4 5 1
5 5 1
7 5 1
8 5 1
9 5 1
10 5 1
12 5 1
13 5 1
14 5 1
15 5 1
16 5 1
17 5 1
18 5 1
25 5 1
26 5 1
27 5 1
29 5 1
3 6 1
5 6 1
11 6 1
15 6 1
19 6 1
25 6 1
27 6 1
1 7 1
3 7 1
5 7 1
6 7 1
11 7 1
12 7 1
13 7 1
15 7 1
17 7 1
18 7 1
19 7 1
21 7 1
22 7 1
23 7 1
24 7 1
25 7 1
27 7 1
29 7 1
1 8 1
3 8 1
11 8 1
13 8 1
15 8 1
17 8 1
19 8 1
21 8 1
27 8 1
29 8 1
1 9 1
2 9 1
3 9 1
4 9 1
5 9 1
6 9 1
7 9 1
8 9 1
10 9 1
11 9 1
13 9 1
14 9 1
15 9 1
16 9 1
17 9 1
19 9 1
20 9 1
21 9 1
22 9 1
23 9 1
24 9 1
25 9 1
26 9 1
27 9 1
28 9 1
29 9 1
3 10 1
5 10 1
7 10 1
9 10 1
11 10 1
13 10 1
17 10 1
19 10 1
21 10 1
23 10 1
25 10 1
27 10 1
0 11 1
1 11 1
2 11 1
3 11 1
5 11 1
7 11 1
8 11 1
9 11 1
11 11 1
13 11 1
14 11 1
15 11 1
16 11 1
17 11 1
19 11 1
21 11 1
22 11 1
23 11 1
25 11 1
27 11 1
28 11 1
29 11 1
30 11 1
3 12 1
5 12 1
9 12 1
11 12 1
15 12 1
19 12 1
21 12 1
25 12 1
27 12 1
0 13 1
1 13 1
2 13 1
3 13 1
5 13 1
6 13 1
7 13 1
8 13 1
9 13 1
11 13 1
12 13 1
13 13 1
14 13 1
15 13 1
16 13 1
17 13 1
18 13 1
19 13 1
21 13 1
22 13 1
23 13 1
24 13 1
25 13 1
27 13 1
28 13 1
29 13 1
30 13 1
7 1 10
23 1 10
11 5 10