31 13
###############################
###   #     # ### #     #   ###
### # # # ### ### ### # # # ###
#   #   #     ###     #   #   #
# # # # ### # ### # ### # # # #
# # #       #     #       # # #
### ### # # ####### # # ### ###
#       #             #       #
# # # # ### # # # # ### # # # #
# #   # #     # #     # #   # #
##### # # # ### ### # # # #####
###   #   #   # #   #   #   ###
###############################
0 0
8
0 1 22 1 NEUTRAL 0 0
0 0 8 1 NEUTRAL 0 0
1 1 10 1 NEUTRAL 0 0
1 0 20 1 NEUTRAL 0 0
2 1 23 1 NEUTRAL 0 0
2 0 7 1 NEUTRAL 0 0
3 1 10 9 NEUTRAL 0 0
3 0 20 9 NEUTRAL 0 0
174
3 1 1
4 1 1
5 1 1
9 1 1
11 1 1
13 1 1
17 1 1
19 1 1
21 1 1
25 1 1
26 1 1
27 1 1
3 2 1
5 2 1
7 2 1
9 2 1
13 2 1
17 2 1
21 2 1
23 2 1
25 2 1
27 2 1
1 3 1
2 3 1
3 3 1
5 3 1
6 3 1
7 3 1
9 3 1
10 3 1
11 3 1
12 3 1
13 3 1
17 3 1
18 3 1
19 3 1
20 3 1
21 3 1
23 3 1
24 3 1
25 3 1
27 3 1
28 3 1
29 3 1
1 4 1
3 4 1
5 4 1
7 4 1
11 4 1
13 4 1
17 4 1
19 4 1
23 4 1
25 4 1
27 4 1
29 4 1
1 5 1
3 5 1
5 5 1
6 5 1
7 5 1
8 5 1
9 5 1
10 5 1
13 5 1
14 5 1
15 5 1
16 5 1
17 5 1
20 5 1
21 5 1
22 5 1
23 5 1
24 5 1
25 5 1
27 5 1
29 5 1
3 6 1
7 6 1
9 6 1
11 6 1
19 6 1
21 6 1
23 6 1
27 6 1
1 7 1
2 7 1
3 7 1
4 7 1
5 7 1
6 7 1
7 7 1
9 7 1
10 7 1
11 7 1
12 7 1
13 7 1
14 7 1
15 7 1
16 7 1
17 7 1
18 7 1
19 7 1
20 7 1
21 7 1
23 7 1
24 7 1
25 7 1
26 7 1
27 7 1
28 7 1
29 7 1
1 8 1
3 8 1
5 8 1
7 8 1
11 8 1
13 8 1
15 8 1
17 8 1
19 8 1
23 8 1
25 8 1
27 8 1
29 8 1
1 9 1
3 9 1
4 9 1
5 9 1
7 9 1
9 9 1
11 9 1
12 9 1
13 9 1
15 9 1
17 9 1
18 9 1
19 9 1
21 9 1
23 9 1
25 9 1
26 9 1
27 9 1
29 9 1
5 10 1
7 10 1
9 10 1
11 10 1
15 10 1
19 10 1
21 10 1
23 10 1
25 10 1
3 11 1
4 11 1
5 11 1
7 11 1
8 11 1
9 11 1
11 11 1
13 11 1
15 11 1
17 11 1
19 11 1
21 11 1
22 11 1
23 11 1
25 11 1
26 11 1
27 11 1
11 5 10
19 5 10
12 11 10
18 11 10
0 2
8
0 1 22 1 NEUTRAL 0 0
0 0 9 1 NEUTRAL 0 0
1 1 10 1 NEUTRAL 0 0
1 0 20 1 NEUTRAL 0 0
2 1 23 1 NEUTRAL 0 0
2 0 8 1 NEUTRAL 0 0
3 1 10 9 NEUTRAL 0 0
3 0 19 9 NEUTRAL 0 0
172
3 1 1
4 1 1
5 1 1
11 1 1
13 1 1
17 1 1
19 1 1
21 1 1
25 1 1
26 1 1
27 1 1
3 2 1
5 2 1
7 2 1
9 2 1
13 2 1
17 2 1
21 2 1
23 2 1
25 2 1
27 2 1
1 3 1
2 3 1
3 3 1
5 3 1
6 3 1
7 3 1
9 3 1
10 3 1
11 3 1
12 3 1
13 3 1
17 3 1
18 3 1
19 3 1
20 3 1
21 3 1
23 3 1
24 3 1
25 3 1
27 3 1
28 3 1
29 3 1
1 4 1
3 4 1
5 4 1
7 4 1
11 4 1
13 4 1
17 4 1
19 4 1
23 4 1
25 4 1
27 4 1
29 4 1
1 5 1
3 5 1
5 5 1
6 5 1
7 5 1
8 5 1
9 5 1
10 5 1
13 5 1
14 5 1
15 5 1
16 5 1
17 5 1
20 5 1
21 5 1
22 5 1
23 5 1
24 5 1
25 5 1
27 5 1
29 5 1
3 6 1
7 6 1
9 6 1
11 6 1
19 6 1
21 6 1
23 6 1
27 6 1
1 7 1
2 7 1
3 7 1
4 7 1
5 7 1
6 7 1
7 7 1
9 7 1
10 7 1
11 7 1
12 7 1
13 7 1
14 7 1
15 7 1
16 7 1
17 7 1
18 7 1
19 7 1
20 7 1
21 7 1
23 7 1
24 7 1
25 7 1
26 7 1
27 7 1
28 7 1
29 7 1
1 8 1
3 8 1
5 8 1
7 8 1
11 8 1
13 8 1
15 8 1
17 8 1
19 8 1
23 8 1
25 8 1
27 8 1
29 8 1
1 9 1
3 9 1
4 9 1
5 9 1
7 9 1
9 9 1
11 9 1
12 9 1
13 9 1
15 9 1
17 9 1
18 9 1
21 9 1
23 9 1
25 9 1
26 9 1
27 9 1
29 9 1
5 10 1
7 10 1
9 10 1
11 10 1
15 10 1
19 10 1
21 10 1
23 10 1
25 10 1
3 11 1
4 11 1
5 11 1
7 11 1
8 11 1
9 11 1
11 11 1
13 11 1
15 11 1
17 11 1
19 11 1
21 11 1
22 11 1
23 11 1
25 11 1
26 11 1
27 11 1
11 5 10
19 5 10
12 11 10
18 11 10
0 5
8
0 1 22 1 NEUTRAL 0 0
0 0 9 2 NEUTRAL 0 0
1 1 10 1 NEUTRAL 0 0
1 0 21 1 NEUTRAL 0 0
2 1 23 1 NEUTRAL 0 0
2 0 8 1 NEUTRAL 0 0
3 1 10 9 NEUTRAL 0 0
3 0 19 8 NEUTRAL 0 0
169
3 1 1
4 1 1
5 1 1
11 1 1
13 1 1
17 1 1
19 1 1
25 1 1
26 1 1
27 1 1
3 2 1
5 2 1
7 2 1
13 2 1
17 2 1
21 2 1
23 2 1
25 2 1
27 2 1
1 3 1
2 3 1
3 3 1
5 3 1
6 3 1
7 3 1
9 3 1
10 3 1
11 3 1
12 3 1
13 3 1
17 3 1
18 3 1
19 3 1
20 3 1
21 3 1
23 3 1
24 3 1
25 3 1
27 3 1
28 3 1
29 3 1
1 4 1
3 4 1
5 4 1
7 4 1
11 4 1
13 4 1
17 4 1
19 4 1
23 4 1
25 4 1
27 4 1
29 4 1
1 5 1
3 5 1
5 5 1
6 5 1
7 5 1
8 5 1
9 5 1
10 5 1
13 5 1
14 5 1
15 5 1
16 5 1
17 5 1
20 5 1
21 5 1
22 5 1
23 5 1
24 5 1
25 5 1
27 5 1
29 5 1
3 6 1
7 6 1
9 6 1
11 6 1
19 6 1
21 6 1
23 6 1
27 6 1
1 7 1
2 7 1
3 7 1
4 7 1
5 7 1
6 7 1
7 7 1
9 7 1
10 7 1
11 7 1
12 7 1
13 7 1
14 7 1
15 7 1
16 7 1
17 7 1
18 7 1
19 7 1
20 7 1
21 7 1
23 7 1
24 7 1
25 7 1
26 7 1
27 7 1
28 7 1
29 7 1
1 8 1
3 8 1
5 8 1
7 8 1
11 8 1
13 8 1
15 8 1
17 8 1
23 8 1
25 8 1
27 8 1
29 8 1
1 9 1
3 9 1
4 9 1
5 9 1
7 9 1
9 9 1
11 9 1
12 9 1
13 9 1
15 9 1
17 9 1
18 9 1
21 9 1
23 9 1
25 9 1
26 9 1
27 9 1
29 9 1
5 10 1
7 10 1
9 10 1
11 10 1
15 10 1
19 10 1
21 10 1
23 10 1
25 10 1
3 11 1
4 11 1
5 11 1
7 11 1
8 11 1
9 11 1
11 11 1
13 11 1
15 11 1
17 11 1
19 11 1
21 11 1
22 11 1
23 11 1
25 11 1
26 11 1
27 11 1
11 5 10
19 5 10
12 11 10
18 11 10